Results: 

(Using accuracy threshold of 85)

stored_data0.txt
[197, 115, 97, 109, 105, 107, 115, 104, 97, 197, 197, 197, 115, 97, 109, 105, 107, 115, 104, 97, 197, 197, 197, 115, 97, 109, 105, 107, 115, 104, 97, 197, 197, 197, 115, 97, 109, 105, 107, 115, 104, 97, 197, 197, 197, 115, 97, 109, 105, 107, 115, 104, 97, 197, 197, 197, 115, 97, 109, 105, 107, 115, 104, 97, 197, 197, 197, 115, 97, 109, 105, 107, 115, 104, 97, 197, 197]

stored_data1.txt
[197, 115, 97, 109, 105, 107, 115, 104, 97, 197, 197, 197, 115, 97, 109, 105, 107, 115, 104, 97, 197, 197, 197, 115, 97, 109, 105, 107, 115, 104, 97, 197, 197, 197, 115, 97, 109, 105, 107, 115, 104, 97, 197, 197, 197, 115, 97, 109, 105, 107, 115, 104, 97, 197, 197, 197, 115, 97, 109, 105, 107, 115, 104, 97, 197, 197, 197, 115, 97, 109, 105, 107, 115, 104, 97, 197, 197]

stored_data2.txt
[197, 115, 97, 109, 105, 107, 115, 104, 97, 197, 197, 197, 115, 97, 109, 105, 107, 115, 104, 97, 197, 197, 197, 115, 97, 109, 105, 107, 115, 104, 97, 197, 197, 197, 115, 97, 109, 105, 107, 115, 104, 97, 197, 197, 197, 115, 97, 109, 105, 107, 115, 104, 97, 197, 197, 197, 115, 97, 109, 105, 107, 115, 104, 97, 197, 197, 197, 115, 97, 109, 105, 107, 115, 104, 97, 197, 197]
